1550479200000, 3698.0, 3700.6, 3697.9, 3700.6, 5.0886
1550479500000, 3700.6, 3709.9, 3700.6, 3709.8, 7.15316174
1550479800000, 3709.8, 3709.8, 3701.1, 3701.6, 20.05213664
1550480100000, 3702.5, 3702.5, 3690.5, 3693.2, 62.09135579
1550480400000, 3693.2, 3698.0, 3693.2, 3698.0, 7.74241035
1550480700000, 3694.4, 3699.9, 3693.4, 3698.9, 26.5648006
1550481000000, 3698.9, 3698.9, 3698.5, 3698.7, 11.45437708
1550481300000, 3698.7, 3698.9, 3695.0, 3698.9, 8.54891724
1550481600000, 3698.9, 3698.9, 3697.3, 3697.4, 3.20319
1550481900000, 3697.4, 3702.0, 3697.4, 3702.0, 24.22021761
1550482200000, 3702.0, 3702.0, 3701.8, 3701.9, 8.86883128
1550482500000, 3701.9, 3701.9, 3698.3, 3698.8, 7.0056439
1550482800000, 3698.8, 3702.6, 3698.7, 3702.6, 15.15462504
1550483100000, 3702.6, 3710.3, 3702.6, 3705.9, 29.07307778
1550483400000, 3705.9, 3708.9, 3702.6, 3708.9, 99.91253914
1550483700000, 3707.2, 3710.1, 3702.1, 3705.2, 32.32726831
1550484000000, 3705.2, 3705.2, 3700.0, 3700.0, 3.90153311
1550484300000, 3700.0, 3700.2, 3700.0, 3700.1, 3.87030133
1550484600000, 3700.2, 3708.1, 3700.1, 3708.1, 16.81658768
1550484900000, 3707.8, 3707.8, 3691.7, 3691.7, 22.29307876
1550485200000, 3691.7, 3699.2, 3690.7, 3696.8, 9.93297287
1550485500000, 3696.2, 3698.5, 3687.0, 3688.0, 97.9680269
1550485800000, 3690.4, 3694.4, 3689.4, 3693.5, 4.02469799
1550486100000, 3692.2, 3694.4, 3691.6, 3694.4, 2.65079592
1550486400000, 3696.3, 3698.9, 3694.6, 3694.6, 16.91921859
1550486700000, 3694.6, 3694.6, 3688.8, 3689.7, 5.9134006
1550487000000, 3689.2, 3689.6, 3684.3, 3685.0, 20.52755427
1550487300000, 3685.0, 3688.1, 3685.0, 3687.4, 13.46223405
1550487600000, 3687.4, 3689.2, 3687.3, 3689.2, 21.60660657
1550487900000, 3688.2, 3689.2, 3688.2, 3689.2, 6.81407765
1550488200000, 3689.1, 3689.2, 3689.1, 3689.1, 9.69027517
1550488500000, 3689.2, 3695.6, 3689.2, 3694.0, 77.04727201
1550488800000, 3694.0, 3695.5, 3694.0, 3695.5, 3.022569
1550489100000, 3695.5, 3695.6, 3690.3, 3690.3, 3.67183943
1550489400000, 3690.3, 3694.8, 3690.3, 3691.3, 10.03185888
1550489700000, 3691.3, 3701.1, 3691.3, 3700.1, 26.06677328
1550490000000, 3700.0, 3700.0, 3693.1, 3696.9, 8.33392688
1550490300000, 3696.9, 3701.2, 3696.3, 3700.7, 10.40537822
1550490600000, 3701.9, 3716.0, 3698.9, 3701.2, 32.46239643
1550490900000, 3700.8, 3706.3, 3698.7, 3705.1, 15.76409273
1550491200000, 3705.1, 3705.1, 3694.0, 3694.0, 26.82000352
1550491500000, 3694.2, 3698.2, 3691.7, 3697.9, 17.88593206
1550491800000, 3699.9, 3707.1, 3699.9, 3704.0, 12.87206697
1550492100000, 3704.0, 3708.7, 3699.5, 3704.0, 3.96456732
1550492400000, 3704.0, 3708.4, 3704.0, 3707.4, 10.9050412
1550492700000, 3707.5, 3708.9, 3702.7, 3704.9, 7.5925686
1550493000000, 3704.9, 3707.8, 3704.5, 3707.8, 3.62236932
1550493300000, 3707.8, 3717.7, 3707.8, 3711.9, 72.07191279
1550493600000, 3711.3, 3717.0, 3710.0, 3710.0, 10.89642289
1550493900000, 3711.0, 3727.0, 3710.9, 3719.6, 28.71013014
1550494200000, 3719.0, 3729.5, 3711.5, 3722.4, 32.32046637
1550494500000, 3722.4, 3742.5, 3722.3, 3735.2, 110.14746479
1550494800000, 3732.1, 3735.7, 3722.2, 3722.2, 98.77346665
1550495100000, 3718.9, 3728.8, 3714.8, 3727.7, 17.55687531
1550495400000, 3729.3, 3729.5, 3723.3, 3723.3, 23.92910982
1550495700000, 3726.4, 3736.3, 3722.9, 3736.2, 59.89501346
1550496000000, 3736.2, 3769.3, 3736.2, 3749.3, 184.97987184
1550496300000, 3749.3, 3775.8, 3746.4, 3775.8, 122.52824697
1550496600000, 3775.8, 3775.8, 3763.6, 3771.9, 114.49087352
1550496900000, 3772.6, 3774.2, 3756.1, 3766.5, 76.51814463
1550497200000, 3769.1, 3790.2, 3769.1, 3787.7, 142.92235807
1550497500000, 3787.7, 3800.0, 3784.2, 3798.8, 289.16304548
1550497800000, 3797.1, 3811.3, 3796.5, 3809.8, 158.5373994
1550498100000, 3809.8, 3817.8, 3791.9, 3800.0, 213.78187197
1550498400000, 3800.0, 3800.5, 3787.7, 3790.0, 150.55082179
1550498700000, 3791.5, 3799.9, 3791.4, 3797.2, 43.34694007
1550499000000, 3797.2, 3799.8, 3793.0, 3798.8, 19.54391831
1550499300000, 3798.8, 3817.9, 3798.8, 3815.0, 197.84835436
1550499600000, 3815.0, 3829.2, 3811.4, 3823.3, 120.89084621
1550499900000, 3823.3, 3829.0, 3817.3, 3817.3, 37.90434341
1550500200000, 3816.3, 3819.1, 3812.0, 3812.6, 40.41452436
1550500500000, 3812.6, 3812.6, 3803.3, 3807.4, 97.85333368
1550500800000, 3807.3, 3808.0, 3796.1, 3796.1, 44.01238446
1550501100000, 3796.0, 3802.9, 3793.0, 3799.8, 22.73053657
1550501400000, 3800.1, 3804.9, 3799.6, 3803.1, 24.64070713
1550501700000, 3803.0, 3806.0, 3798.1, 3801.7, 103.10680561
1550502000000, 3798.4, 3799.4, 3786.1, 3786.3, 65.35584438
1550502300000, 3786.3, 3790.3, 3780.0, 3785.7, 120.6030461
1550502600000, 3786.9, 3792.9, 3786.2, 3792.0, 44.80390183
1550502900000, 3792.0, 3792.0, 3785.0, 3785.1, 34.18721508
1550503200000, 3789.0, 3796.9, 3786.7, 3795.2, 22.15984843
1550503500000, 3795.3, 3803.8, 3795.3, 3802.6, 51.89574109
1550503800000, 3802.5, 3802.5, 3796.8, 3796.9, 10.27346318
1550504100000, 3797.0, 3798.7, 3794.1, 3798.7, 19.67810451
1550504400000, 3796.6, 3806.2, 3796.3, 3802.2, 8.6734793
1550504700000, 3802.6, 3802.6, 3798.5, 3801.3, 1.14567554
1550505000000, 3801.3, 3806.2, 3801.3, 3806.2, 19.97440556
1550505300000, 3806.2, 3807.5, 3804.6, 3804.7, 7.08117342
1550505600000, 3804.8, 3820.3, 3804.8, 3815.6, 34.20904824
1550505900000, 3816.4, 3835.7, 3813.4, 3819.4, 187.69680307
1550506200000, 3815.4, 3831.6, 3815.4, 3830.0, 49.37857344
1550506500000, 3828.5, 3833.9, 3819.8, 3829.2, 47.64740525
1550506800000, 3831.4, 3869.9, 3831.4, 3852.7, 214.7767782
1550507100000, 3853.5, 3879.6, 3849.7, 3874.8, 212.06555323
1550507400000, 3874.8, 3907.4, 3873.0, 3907.4, 301.76167904
1550507700000, 3907.4, 3926.0, 3890.0, 3899.5, 231.36134616
1550508000000, 3899.5, 3899.5, 3825.0, 3854.5, 332.13199245
1550508300000, 3854.5, 3879.0, 3854.5, 3868.8, 103.92396057
1550508600000, 3869.0, 3876.8, 3862.3, 3874.9, 79.43593644
1550508900000, 3875.8, 3880.8, 3856.5, 3856.5, 127.84125484
1550509200000, 3860.2, 3860.2, 3842.9, 3843.0, 113.90365992
1550509500000, 3843.1, 3856.8, 3840.0, 3856.8, 34.15742595
1550509800000, 3857.5, 3861.7, 3852.6, 3861.1, 64.25983127
1550510100000, 3861.1, 3877.0, 3855.3, 3874.2, 174.52767875
1550510400000, 3875.0, 3875.9, 3861.5, 3861.5, 81.8739564
1550510700000, 3861.8, 3872.0, 3861.5, 3872.0, 62.81197989
1550511000000, 3867.1, 3867.7, 3856.8, 3857.6, 56.030955
1550511300000, 3856.8, 3863.3, 3854.2, 3859.2, 8.62732107
1550511600000, 3859.6, 3859.9, 3853.0, 3856.6, 79.03114573
1550511900000, 3856.7, 3856.7, 3848.5, 3848.5, 7.32312284
1550512200000, 3848.5, 3855.9, 3848.0, 3852.0, 18.58432668
1550512500000, 3851.4, 3868.0, 3851.3, 3868.0, 25.28495534
1550512800000, 3866.5, 3866.7, 3861.7, 3864.2, 21.90821532
1550513100000, 3864.2, 3871.2, 3862.9, 3863.2, 70.92799845
1550513400000, 3865.9, 3888.0, 3865.9, 3885.3, 68.70443548
1550513700000, 3885.5, 3891.4, 3880.9, 3889.0, 13.80802552
1550514000000, 3887.5, 3890.2, 3881.5, 3889.1, 34.32736522
1550514300000, 3888.2, 3895.1, 3888.2, 3894.5, 17.75832926
1550514600000, 3894.5, 3894.6, 3883.9, 3887.3, 30.88762912
1550514900000, 3889.0, 3891.3, 3885.3, 3886.0, 29.61309966
1550515200000, 3885.2, 3889.4, 3882.5, 3888.7, 14.23645942
1550515500000, 3888.7, 3894.0, 3888.7, 3892.0, 5.24039214
1550515800000, 3890.5, 3890.5, 3882.0, 3882.0, 18.72158803
1550516100000, 3882.3, 3882.3, 3878.6, 3881.1, 13.73968277
1550516400000, 3881.1, 3885.1, 3878.3, 3884.1, 8.30770542
1550516700000, 3884.1, 3884.1, 3881.8, 3882.8, 9.4578112
1550517000000, 3882.7, 3883.0, 3872.1, 3875.1, 19.6058531
1550517300000, 3875.1, 3875.3, 3871.2, 3875.3, 48.53235373
1550517600000, 3874.5, 3874.5, 3872.0, 3873.0, 5.361755
1550517900000, 3873.0, 3884.0, 3873.0, 3883.9, 5.95701198
1550518200000, 3883.9, 3883.9, 3882.7, 3882.8, 39.39899784
1550518500000, 3882.8, 3888.0, 3880.6, 3880.6, 28.75805821
1550518800000, 3880.6, 3883.5, 3878.1, 3878.1, 7.13570964
1550519100000, 3878.1, 3878.2, 3876.5, 3878.2, 6.89240669
1550519400000, 3877.0, 3877.0, 3873.9, 3874.1, 9.36840651
1550519700000, 3874.1, 3874.1, 3862.5, 3864.9, 68.03586443
1550520000000, 3864.9, 3865.0, 3861.8, 3864.9, 11.61612967
1550520300000, 3864.6, 3869.0, 3864.0, 3864.0, 28.83180926
1550520600000, 3865.3, 3865.8, 3861.7, 3861.7, 4.96101544
1550520900000, 3860.9, 3861.1, 3855.0, 3855.1, 19.70371571
1550521200000, 3855.4, 3860.6, 3848.0, 3860.6, 69.94611261
1550521500000, 3861.4, 3866.7, 3860.5, 3865.7, 25.54775032
1550521800000, 3865.7, 3867.2, 3862.9, 3862.9, 4.34983342
1550522100000, 3863.8, 3864.1, 3859.9, 3859.9, 9.98954425
1550522400000, 3861.5, 3865.1, 3857.6, 3863.3, 18.83543537
1550522700000, 3865.5, 3865.5, 3862.6, 3863.7, 1.40751711
1550523000000, 3864.3, 3865.5, 3861.9, 3862.6, 2.04884718
1550523300000, 3862.1, 3863.5, 3860.5, 3861.9, 24.57942444
1550523600000, 3861.9, 3861.9, 3859.7, 3861.8, 28.4952091
1550523900000, 3861.8, 3868.8, 3861.8, 3868.4, 2.67996793
1550524200000, 3868.4, 3875.3, 3868.4, 3872.0, 1.91640153
1550524500000, 3872.0, 3872.0, 3871.5, 3871.6, 4.13826105
1550524800000, 3871.5, 3871.6, 3868.7, 3869.2, 17.80222582
1550525100000, 3869.2, 3869.2, 3863.7, 3863.7, 1.06588932
1550525400000, 3863.7, 3863.8, 3861.8, 3862.6, 8.19561946
1550525700000, 3862.6, 3864.9, 3861.5, 3863.5, 3.78964033
1550526000000, 3863.8, 3867.6, 3861.7, 3861.7, 2.96134777
1550526300000, 3861.9, 3861.9, 3848.7, 3856.1, 61.17770871
1550526600000, 3858.6, 3866.5, 3851.9, 3860.5, 126.29432629
1550526900000, 3858.1, 3859.2, 3850.0, 3850.2, 20.03259694
1550527200000, 3850.2, 3850.2, 3838.6, 3841.7, 26.22895365
1550527500000, 3841.9, 3845.4, 3830.8, 3845.4, 32.11988106
1550527800000, 3845.1, 3849.4, 3842.8, 3848.0, 10.92200594
1550528100000, 3850.9, 3859.5, 3850.7, 3858.5, 20.52315683
1550528400000, 3853.4, 3858.7, 3853.4, 3854.3, 2.38913948
1550528700000, 3854.3, 3854.3, 3848.0, 3848.0, 4.91895353
1550529000000, 3848.0, 3850.0, 3846.4, 3848.3, 4.04467032
1550529300000, 3848.3, 3850.0, 3848.3, 3849.9, 0.06888994
1550529600000, 3849.9, 3854.7, 3846.6, 3854.7, 7.6209121
1550529900000, 3854.7, 3854.9, 3849.9, 3854.9, 6.24961789
1550530200000, 3852.0, 3854.8, 3852.0, 3854.6, 1.77849101
1550530500000, 3854.6, 3854.6, 3854.1, 3854.5, 0.42514777
1550530800000, 3854.5, 3879.6, 3854.5, 3871.6, 78.88813812
1550531100000, 3871.1, 3874.0, 3871.0, 3871.0, 3.31286211
1550531400000, 3868.7, 3873.1, 3868.3, 3870.3, 6.65939333
1550531700000, 3874.5, 3874.9, 3867.9, 3867.9, 5.1307555
1550532000000, 3867.9, 3867.9, 3864.0, 3864.3, 4.97586588
1550532300000, 3864.0, 3864.0, 3859.9, 3859.9, 1.74108235
1550532600000, 3859.9, 3860.6, 3849.0, 3857.9, 71.55761616
1550532900000, 3857.9, 3866.8, 3857.9, 3866.0, 28.65552608
1550533200000, 3868.1, 3881.4, 3868.1, 3869.0, 84.71816115
1550533500000, 3869.0, 3870.5, 3864.0, 3867.2, 9.37321121
1550533800000, 3867.2, 3867.9, 3867.2, 3867.8, 1.15609692
1550534100000, 3867.2, 3870.8, 3867.2, 3870.7, 3.62218273
1550534400000, 3870.1, 3892.9, 3868.1, 3892.9, 222.6373499
1550534700000, 3892.9, 3895.0, 3877.3, 3879.6, 37.3400981
1550535000000, 3879.6, 3892.8, 3879.4, 3888.7, 6.40299701
1550535300000, 3888.6, 3906.1, 3886.8, 3903.5, 130.81533969
1550535600000, 3901.1, 3907.2, 3882.4, 3889.2, 53.23673118
1550535900000, 3892.4, 3898.3, 3887.4, 3896.4, 12.17385977
1550536200000, 3894.3, 3902.1, 3894.3, 3896.3, 23.10215926
1550536500000, 3898.6, 3943.0, 3898.6, 3929.0, 194.44569008
1550536800000, 3928.0, 3954.9, 3927.9, 3954.7, 127.79607329
1550537100000, 3953.7, 3954.9, 3922.1, 3922.1, 74.86829653
1550537400000, 3922.2, 3932.1, 3918.8, 3932.1, 26.70645911
1550537700000, 3932.0, 3932.0, 3924.9, 3927.6, 9.15632332
1550538000000, 3925.0, 3925.2, 3890.8, 3897.0, 57.95942686
1550538300000, 3893.7, 3907.7, 3893.7, 3906.2, 11.41095253
1550538600000, 3909.0, 3909.0, 3898.2, 3899.7, 5.06602525
1550538900000, 3895.1, 3900.5, 3895.1, 3900.5, 33.73956109
1550539200000, 3900.5, 3904.0, 3895.5, 3895.5, 4.30964639
1550539500000, 3895.5, 3897.7, 3885.0, 3885.0, 48.5965197
1550539800000, 3885.1, 3886.2, 3872.3, 3872.4, 39.78611523
1550540100000, 3872.3, 3881.3, 3866.8, 3879.0, 46.51654592
1550540400000, 3879.7, 3880.0, 3857.0, 3859.8, 73.78271003
1550540700000, 3859.9, 3861.2, 3838.2, 3856.6, 70.09360255
1550541000000, 3854.5, 3865.3, 3853.3, 3865.1, 182.20966172
1550541300000, 3864.9, 3872.5, 3856.6, 3859.8, 103.82696404
1550541600000, 3863.2, 3874.1, 3859.0, 3872.2, 25.62292893
1550541900000, 3872.2, 3872.2, 3863.3, 3865.0, 3.33323056
1550542200000, 3865.0, 3868.6, 3864.5, 3868.0, 4.39464585
1550542500000, 3867.9, 3869.9, 3867.9, 3869.9, 20.1503074
1550542800000, 3869.1, 3869.2, 3868.2, 3868.9, 1.57019317
1550543100000, 3868.9, 3868.9, 3854.8, 3861.8, 9.38043926
1550543400000, 3859.1, 3865.3, 3852.3, 3852.3, 79.02551156
1550543700000, 3861.2, 3867.0, 3861.2, 3861.5, 4.14569981
1550544000000, 3860.5, 3865.2, 3860.4, 3865.2, 2.8376398
1550544300000, 3864.2, 3864.6, 3860.4, 3860.4, 2.02121599
1550544600000, 3860.4, 3860.4, 3852.3, 3852.3, 4.01489496
1550544900000, 3852.5, 3857.0, 3852.2, 3853.7, 70.4051196
1550545200000, 3853.2, 3858.9, 3851.8, 3857.1, 12.47484203
1550545500000, 3857.5, 3863.8, 3857.5, 3861.8, 4.18679379
1550545800000, 3863.3, 3863.4, 3863.3, 3863.4, 1.0896116
1550546100000, 3863.4, 3864.1, 3863.3, 3863.9, 1.6437844
1550546400000, 3864.1, 3865.1, 3863.3, 3863.5, 4.27484175
1550546700000, 3861.7, 3866.0, 3861.7, 3861.9, 7.89226033
1550547000000, 3861.9, 3862.5, 3861.4, 3861.4, 1.58929896
1550547300000, 3861.6, 3861.7, 3861.1, 3861.1, 3.67646393
1550547600000, 3861.1, 3863.1, 3861.1, 3863.1, 2.54534495
1550547900000, 3863.1, 3863.2, 3863.1, 3863.2, 0.34249464
1550548200000, 3863.3, 3867.0, 3863.3, 3866.9, 1.87341779
1550548500000, 3866.6, 3866.9, 3863.8, 3865.5, 2.80095214
1550548800000, 3865.5, 3877.4, 3864.4, 3874.8, 18.6044311
1550549100000, 3875.6, 3875.6, 3873.9, 3874.3, 2.17882462
1550549400000, 3874.3, 3879.5, 3874.3, 3878.7, 5.34405391
1550549700000, 3878.7, 3882.4, 3878.7, 3881.9, 3.47574364
1550550000000, 3881.5, 3882.3, 3880.6, 3880.6, 49.07627892
1550550300000, 3880.6, 3880.6, 3872.0, 3874.4, 2.06158057
1550550600000, 3874.4, 3874.4, 3868.3, 3868.3, 10.06667984
1550550900000, 3868.8, 3871.8, 3868.7, 3871.5, 2.31796907
1550551200000, 3871.5, 3871.7, 3868.8, 3871.7, 0.71253465
1550551500000, 3871.7, 3871.7, 3862.1, 3867.8, 8.73503201
1550551800000, 3864.5, 3871.2, 3864.5, 3869.3, 2.86271101
1550552100000, 3871.5, 3874.5, 3871.4, 3874.5, 2.11045745
1550552400000, 3874.6, 3878.2, 3874.5, 3875.9, 15.83445713
1550552700000, 3875.9, 3875.9, 3875.8, 3875.9, 21.90642731
1550553000000, 3875.8, 3876.2, 3870.9, 3870.9, 10.2171152
1550553300000, 3873.7, 3876.3, 3871.6, 3876.1, 1.81470542
1550553600000, 3876.1, 3877.6, 3875.3, 3877.6, 0.09377
1550553900000, 3877.6, 3877.6, 3868.0, 3868.0, 1.922927
1550554200000, 3868.0, 3868.0, 3862.1, 3862.6, 2.46946628
1550554500000, 3862.6, 3864.6, 3860.3, 3862.4, 2.782
1550554800000, 3863.8, 3864.1, 3861.5, 3861.5, 1.21022299
1550555100000, 3861.5, 3861.7, 3855.4, 3860.0, 9.51687537
1550555400000, 3861.0, 3861.0, 3859.3, 3860.8, 2.0069287
1550555700000, 3862.1, 3872.3, 3862.1, 3872.3, 5.74079
1550556000000, 3868.7, 3870.7, 3866.9, 3870.1, 4.88019001
1550556300000, 3870.0, 3870.6, 3868.4, 3868.4, 0.08532955
1550556600000, 3868.4, 3869.9, 3868.0, 3869.9, 1.57088518
1550556900000, 3870.1, 3871.6, 3868.5, 3868.5, 2.200398
1550557200000, 3868.5, 3871.3, 3865.9, 3871.3, 14.412
1550557500000, 3871.3, 3878.4, 3870.0, 3875.4, 20.85711854
1550557800000, 3875.5, 3881.0, 3872.2, 3872.5, 7.90768203
1550558100000, 3872.2, 3872.3, 3867.0, 3867.1, 11.79642865
1550558400000, 3870.0, 3874.4, 3868.6, 3869.5, 25.7280494
1550558700000, 3869.6, 3869.6, 3868.8, 3868.9, 7.66822008
1550559000000, 3868.9, 3876.1, 3868.9, 3876.1, 2.82117672
1550559300000, 3876.0, 3881.7, 3876.0, 3877.4, 8.06747975
1550559600000, 3877.4, 3879.9, 3876.1, 3879.1, 13.703085
1550559900000, 3877.3, 3884.4, 3877.3, 3884.4, 6.62439697
1550560200000, 3884.4, 3892.9, 3884.4, 3892.7, 17.42882371
1550560500000, 3892.7, 3892.7, 3886.5, 3889.1, 2.367661
1550560800000, 3888.6, 3890.5, 3888.4, 3889.9, 3.252
1550561100000, 3889.9, 3892.9, 3888.4, 3889.3, 14.30563694
1550561400000, 3888.3, 3889.2, 3880.2, 3882.4, 24.3258063
1550561700000, 3880.5, 3884.0, 3880.1, 3883.5, 6.05911174
1550562000000, 3883.5, 3885.9, 3881.0, 3881.0, 1.754977
1550562300000, 3881.0, 3885.0, 3881.0, 3884.6, 1.40460065
1550562600000, 3884.6, 3887.4, 3884.3, 3886.5, 1.75071096
1550562900000, 3888.9, 3893.2, 3888.1, 3891.2, 10.92556244
1550563200000, 3891.3, 3894.3, 3887.9, 3892.0, 12.13951883
1550563500000, 3892.0, 3892.0, 3884.5, 3885.5, 36.33855926
1550563800000, 3886.1, 3886.3, 3878.8, 3881.5, 15.75787037
1550564100000, 3880.3, 3885.9, 3880.2, 3884.4, 5.94549318
1550564400000, 3884.4, 3885.9, 3883.0, 3885.2, 6.48647329
1550564700000, 3885.2, 3890.0, 3885.2, 3885.7, 13.44852344
1550565000000, 3885.7, 3887.0, 3885.1, 3885.1, 1.40290249
1550565300000, 3885.1, 3888.8, 3885.1, 3888.7, 5.09688673
1550565600000, 3888.7, 3888.7, 3886.0, 3887.5, 0.66761223
1550565900000, 3887.4, 3887.4, 3885.1, 3886.4, 7.97698217
1550566200000, 3886.2, 3888.3, 3886.2, 3888.1, 1.22525311
1550566500000, 3888.2, 3889.1, 3883.8, 3883.8, 1.29942917
1550566800000, 3884.1, 3885.8, 3884.1, 3885.8, 1.51265333
1550567100000, 3885.8, 3888.8, 3885.8, 3888.8, 8.86649375
1550567400000, 3888.7, 3888.8, 3885.7, 3888.8, 9.26774251
1550567700000, 3888.8, 3888.8, 3888.7, 3888.7, 16.89426594
1550568000000, 3888.7, 3888.7, 3885.8, 3886.4, 11.22085114
1550568300000, 3885.2, 3886.3, 3883.5, 3883.5, 7.2016516
1550568600000, 3883.5, 3884.1, 3872.9, 3873.2, 18.52459502
1550568900000, 3874.3, 3881.3, 3873.5, 3875.8, 19.68135583
1550569200000, 3875.8, 3875.8, 3865.5, 3865.5, 28.91535745
1550569500000, 3866.5, 3871.0, 3859.0, 3864.0, 89.91656843
1550569800000, 3864.0, 3864.1, 3851.5, 3859.2, 30.32618978
1550570100000, 3859.2, 3865.4, 3859.2, 3862.8, 9.51257221
1550570400000, 3865.4, 3870.0, 3865.4, 3869.1, 4.49881035
1550570700000, 3867.7, 3867.7, 3861.0, 3862.0, 5.77688957
1550571000000, 3862.0, 3862.0, 3856.5, 3857.2, 6.18472031
1550571300000, 3857.2, 3859.9, 3857.2, 3859.8, 6.88897821
1550571600000, 3858.0, 3859.9, 3856.3, 3859.8, 10.60921441
1550571900000, 3859.7, 3864.2, 3858.5, 3861.0, 13.42937159
1550572200000, 3861.0, 3863.1, 3853.6, 3853.6, 17.32907751
1550572500000, 3854.8, 3858.0, 3850.0, 3856.5, 28.55149127
1550572800000, 3856.5, 3857.5, 3855.5, 3857.5, 8.41213367
1550573100000, 3859.6, 3867.1, 3859.6, 3867.1, 0.73743808
1550573400000, 3867.0, 3867.0, 3866.3, 3866.3, 0.058
1550573700000, 3866.3, 3870.5, 3866.3, 3870.0, 19.15830415
1550574000000, 3870.0, 3870.0, 3868.3, 3870.0, 2.52208497
1550574300000, 3870.0, 3871.2, 3870.0, 3870.1, 4.75119955
1550574600000, 3870.1, 3870.1, 3868.5, 3869.9, 1.10324427
1550574900000, 3869.9, 3872.9, 3868.0, 3869.6, 16.08196692
1550575200000, 3867.8, 3869.6, 3865.0, 3865.0, 6.29519115
1550575500000, 3865.0, 3869.7, 3864.5, 3869.7, 3.73932213
1550575800000, 3869.7, 3870.2, 3869.7, 3870.0, 0.31747959
1550576100000, 3870.0, 3870.0, 3865.5, 3865.7, 2.48702861
1550576400000, 3865.7, 3868.0, 3865.7, 3865.7, 0.233588
1550576700000, 3865.6, 3871.3, 3865.6, 3871.3, 2.28433732
1550577000000, 3871.3, 3872.6, 3871.3, 3871.9, 4.27721362
1550577300000, 3871.8, 3872.6, 3870.3, 3872.5, 18.3637703
1550577600000, 3872.6, 3879.0, 3872.5, 3878.3, 13.18859461
1550577900000, 3878.3, 3879.9, 3877.0, 3878.2, 6.72477108
1550578200000, 3878.7, 3883.8, 3878.7, 3882.0, 3.97744441
1550578500000, 3882.0, 3892.0, 3882.0, 3889.6, 28.39782798
1550578800000, 3890.0, 3894.7, 3887.2, 3887.2, 24.14831483
1550579100000, 3887.2, 3893.3, 3887.2, 3892.1, 13.98425796
1550579400000, 3892.1, 3892.1, 3890.0, 3890.0, 11.98166734
1550579700000, 3887.5, 3890.0, 3884.9, 3888.5, 79.54601427
1550580000000, 3887.8, 3887.8, 3885.2, 3886.1, 2.89443866
1550580300000, 3886.1, 3890.8, 3886.0, 3890.8, 3.71226758
1550580600000, 3890.8, 3890.8, 3887.0, 3887.1, 11.55435249
1550580900000, 3887.1, 3891.7, 3887.1, 3891.7, 38.6777501
1550581200000, 3890.1, 3891.5, 3887.0, 3888.3, 15.87852367
1550581500000, 3888.2, 3893.7, 3888.2, 3892.0, 7.31097014
1550581800000, 3891.0, 3895.0, 3891.0, 3893.6, 70.74455573
1550582100000, 3895.0, 3909.8, 3894.9, 3904.9, 92.31733747
1550582400000, 3904.9, 3930.7, 3901.4, 3929.7, 98.84069604
1550582700000, 3930.3, 3937.3, 3924.7, 3928.2, 43.65015061
1550583000000, 3927.3, 3927.3, 3913.4, 3917.3, 55.49326303
1550583300000, 3921.6, 3943.0, 3921.6, 3935.0, 41.4576533
1550583600000, 3935.1, 3935.1, 3923.4, 3927.9, 34.751679
1550583900000, 3931.2, 3959.3, 3931.0, 3959.3, 74.34627397
1550584200000, 3957.4, 3957.4, 3934.4, 3955.4, 154.69432171
1550584500000, 3955.5, 3975.0, 3951.0, 3953.1, 161.58605073
1550584800000, 3953.2, 3973.6, 3953.2, 3963.9, 77.15401013
1550585100000, 3963.0, 3963.9, 3942.0, 3942.0, 91.80353797
1550585400000, 3942.1, 3947.9, 3936.5, 3939.4, 89.22798097
1550585700000, 3940.0, 3940.0, 3930.9, 3934.4, 82.41139894
1550586000000, 3932.2, 3932.2, 3924.9, 3928.8, 53.85499495
1550586300000, 3928.8, 3937.0, 3928.8, 3934.0, 13.21366748
1550586600000, 3934.8, 3934.8, 3922.8, 3922.8, 44.24675275
1550586900000, 3922.9, 3927.9, 3908.8, 3923.9, 81.34838062
1550587200000, 3923.0, 3924.5, 3918.0, 3918.1, 81.39577283
1550587500000, 3918.0, 3925.0, 3914.1, 3922.6, 17.36654058
1550587800000, 3922.6, 3946.2, 3922.6, 3940.4, 138.85448516
1550588100000, 3940.0, 3942.3, 3932.7, 3932.7, 35.00324303
1550588400000, 3933.4, 3944.0, 3932.9, 3943.7, 20.38456486
1550588700000, 3944.2, 3959.4, 3942.7, 3954.2, 39.94196591
1550589000000, 3954.1, 3955.5, 3946.2, 3949.0, 39.60175943
1550589300000, 3949.0, 3949.3, 3942.3, 3949.3, 18.64502256
1550589600000, 3947.1, 3947.1, 3930.5, 3934.0, 13.98079473
1550589900000, 3934.4, 3941.0, 3934.4, 3939.1, 11.66429095
1550590200000, 3939.1, 3942.8, 3937.1, 3939.1, 14.07053675
1550590500000, 3939.1, 3939.6, 3937.0, 3939.5, 12.36201267
1550590800000, 3938.8, 3945.5, 3938.8, 3943.8, 17.89705833
1550591100000, 3943.8, 3953.8, 3943.7, 3953.8, 30.82370549
1550591400000, 3953.0, 3953.8, 3946.6, 3948.0, 43.17603725
1550591700000, 3948.0, 3964.0, 3948.0, 3954.2, 49.61941851
1550592000000, 3953.1, 3961.0, 3941.9, 3958.1, 45.67335755
1550592300000, 3958.1, 3958.1, 3946.3, 3947.5, 9.20756056
1550592600000, 3947.5, 3952.0, 3941.0, 3948.3, 46.17519483
1550592900000, 3948.2, 3949.0, 3948.0, 3948.8, 47.91210539
1550593200000, 3946.7, 3947.0, 3944.3, 3946.2, 39.75461387
1550593500000, 3944.3, 3944.3, 3938.4, 3940.0, 93.55066102
1550593800000, 3940.0, 3944.1, 3931.8, 3938.7, 25.82283305
1550594100000, 3937.4, 3938.4, 3930.1, 3938.3, 86.60942501
1550594400000, 3938.3, 3952.3, 3938.3, 3946.7, 84.88243286
1550594700000, 3946.7, 3946.7, 3944.4, 3944.7, 45.90251143
1550595000000, 3944.3, 3944.7, 3937.0, 3942.1, 98.92070146
1550595300000, 3942.8, 3943.1, 3940.6, 3941.5, 14.47384167
1550595600000, 3941.5, 3941.5, 3941.4, 3941.5, 11.8903868
1550595900000, 3941.4, 3946.3, 3937.5, 3939.5, 77.25760682
1550596200000, 3938.6, 3939.7, 3923.2, 3927.9, 83.24986785
1550596500000, 3927.5, 3928.0, 3920.0, 3928.0, 40.51351122
1550596800000, 3930.5, 3931.4, 3922.6, 3922.6, 8.08363453
1550597100000, 3922.7, 3923.0, 3920.6, 3923.0, 11.41343662
1550597400000, 3923.3, 3924.9, 3923.0, 3924.1, 23.09329855
1550597700000, 3924.1, 3929.9, 3924.1, 3929.9, 39.23582331
1550598000000, 3929.9, 3935.3, 3929.4, 3935.3, 17.65635773
1550598300000, 3935.3, 3941.0, 3935.3, 3938.3, 80.07990695
1550598600000, 3938.3, 3939.9, 3932.0, 3932.2, 17.90461445
1550598900000, 3932.1, 3939.5, 3932.0, 3939.4, 15.23108482
1550599200000, 3938.6, 3938.6, 3930.0, 3931.4, 24.02911456
1550599500000, 3930.3, 3930.3, 3919.7, 3926.0, 68.68575703
1550599800000, 3926.0, 3931.9, 3925.8, 3928.5, 4.43538792
1550600100000, 3929.4, 3929.4, 3929.0, 3929.2, 14.96491372
1550600400000, 3929.3, 3933.3, 3927.1, 3932.7, 13.14628123
1550600700000, 3932.7, 3937.1, 3932.7, 3936.3, 0.149503
1550601000000, 3935.0, 3935.0, 3927.7, 3928.4, 27.87793903
1550601300000, 3927.9, 3928.5, 3925.9, 3928.3, 39.79106033
1550601600000, 3928.5, 3928.6, 3925.8, 3928.6, 15.96377608
1550601900000, 3926.9, 3931.3, 3926.5, 3931.3, 83.25032466
1550602200000, 3931.0, 3931.1, 3929.3, 3931.0, 33.50926811
1550602500000, 3931.0, 3931.0, 3929.2, 3930.3, 8.2142
1550602800000, 3930.3, 3930.3, 3926.0, 3929.8, 6.01839162
1550603100000, 3930.2, 3931.8, 3929.1, 3931.1, 15.80179276
1550603400000, 3931.1, 3933.4, 3931.1, 3933.4, 4.14251017
1550603700000, 3933.9, 3939.9, 3933.9, 3937.0, 11.09462552
1550604000000, 3937.0, 3946.0, 3936.9, 3943.5, 96.22685746
1550604300000, 3943.5, 3945.4, 3943.5, 3945.4, 15.14669072
1550604600000, 3945.4, 3945.5, 3944.7, 3944.7, 15.5021837
1550604900000, 3944.7, 3945.5, 3940.5, 3944.8, 17.11460453
1550605200000, 3944.9, 3945.2, 3943.8, 3944.1, 22.20707679
1550605500000, 3944.1, 3944.1, 3940.0, 3940.0, 4.9488586
1550605800000, 3940.1, 3945.3, 3940.0, 3945.3, 13.44347343
1550606100000, 3945.5, 3948.8, 3945.5, 3948.7, 17.17510339
1550606400000, 3948.8, 3948.8, 3943.2, 3943.3, 13.93708523
1550606700000, 3943.3, 3947.5, 3943.3, 3943.6, 13.48164052
1550607000000, 3943.5, 3943.5, 3939.5, 3939.5, 2.41272986
1550607300000, 3939.5, 3939.5, 3935.6, 3937.0, 5.42213865
1550607600000, 3937.0, 3939.7, 3936.1, 3936.1, 2.13017091
1550607900000, 3936.0, 3936.0, 3935.4, 3935.4, 1.66604653
1550608200000, 3934.5, 3934.5, 3924.0, 3929.0, 61.92676494
1550608500000, 3928.8, 3930.9, 3926.5, 3930.9, 34.0298929
1550608800000, 3931.8, 3935.0, 3931.8, 3935.0, 0.131373
1550609100000, 3935.0, 3935.7, 3935.0, 3935.5, 4.1289689
1550609400000, 3935.5, 3935.5, 3927.9, 3928.2, 9.62874175
1550609700000, 3928.2, 3931.3, 3928.2, 3931.3, 29.32175961
1550610000000, 3930.1, 3934.2, 3930.1, 3933.8, 6.81862013
1550610300000, 3933.0, 3935.5, 3932.5, 3935.4, 9.07952918
1550610600000, 3936.9, 3938.9, 3936.9, 3938.4, 1.65490942
1550610900000, 3938.4, 3940.9, 3930.7, 3930.7, 16.95411851
1550611200000, 3931.0, 3936.2, 3930.5, 3931.7, 5.51391474
1550611500000, 3932.0, 3937.9, 3932.0, 3934.3, 56.63983394
1550611800000, 3931.8, 3932.1, 3924.3, 3927.2, 5.25950162
1550612100000, 3927.2, 3928.5, 3924.1, 3926.7, 30.59151245
1550612400000, 3926.7, 3926.7, 3909.9, 3916.9, 77.18534772
1550612700000, 3916.9, 3921.1, 3912.8, 3914.9, 32.76295217
1550613000000, 3914.9, 3914.9, 3875.0, 3875.2, 107.34141485
1550613300000, 3875.1, 3889.3, 3862.2, 3886.8, 75.05118519
1550613600000, 3887.4, 3896.3, 3887.4, 3896.3, 19.55472967
1550613900000, 3896.7, 3905.9, 3896.3, 3901.7, 67.03621397
1550614200000, 3901.8, 3903.8, 3896.4, 3896.4, 32.62645094
1550614500000, 3898.4, 3909.3, 3898.1, 3907.5, 7.0094259
1550614800000, 3908.0, 3910.0, 3907.6, 3908.1, 9.86626901
1550615100000, 3909.0, 3914.4, 3909.0, 3914.4, 18.48990946
1550615400000, 3915.6, 3918.9, 3912.8, 3914.6, 11.62055703
1550615700000, 3914.6, 3916.3, 3914.6, 3915.8, 0.34769597
1550616000000, 3915.8, 3915.8, 3908.3, 3908.3, 17.0606362
1550616300000, 3909.7, 3914.2, 3909.7, 3912.0, 9.00355144
1550616600000, 3912.0, 3913.3, 3912.0, 3913.3, 2.59883956
1550616900000, 3913.3, 3913.3, 3912.0, 3912.0, 0.45640045
1550617200000, 3910.0, 3912.4, 3908.4, 3911.2, 15.23919493
1550617500000, 3911.2, 3911.6, 3907.9, 3907.9, 32.3369942
1550617800000, 3907.4, 3908.0, 3900.6, 3903.5, 22.32475726
1550618100000, 3903.5, 3907.2, 3901.3, 3906.1, 12.6055436
1550618400000, 3905.1, 3905.1, 3899.0, 3899.0, 11.25269019
1550618700000, 3899.0, 3901.5, 3899.0, 3899.0, 21.58328081
1550619000000, 3894.9, 3898.3, 3894.1, 3896.2, 2.7248184
1550619300000, 3894.5, 3897.9, 3894.1, 3897.8, 2.39847554
1550619600000, 3897.8, 3900.0, 3889.0, 3889.5, 111.01122231
1550619900000, 3889.5, 3896.5, 3889.5, 3889.6, 8.76423881
1550620200000, 3889.6, 3897.4, 3885.9, 3897.4, 33.04909363
1550620500000, 3895.6, 3898.4, 3888.1, 3888.1, 13.79268883
1550620800000, 3888.5, 3896.9, 3887.8, 3896.9, 34.63342877
1550621100000, 3896.9, 3899.8, 3896.1, 3896.2, 18.44829515
1550621400000, 3896.2, 3897.8, 3891.5, 3895.0, 21.89356565
1550621700000, 3889.0, 3894.1, 3889.0, 3892.1, 20.91041807
1550622000000, 3886.3, 3886.3, 3877.0, 3878.9, 84.23539491
1550622300000, 3877.0, 3882.3, 3874.2, 3879.7, 32.01631771
1550622600000, 3879.7, 3879.7, 3871.0, 3874.1, 17.64786185
1550622900000, 3871.0, 3876.4, 3865.7, 3876.4, 32.56300967
1550623200000, 3876.4, 3879.6, 3873.3, 3875.4, 12.92861249
1550623500000, 3876.5, 3877.5, 3870.1, 3875.9, 10.34133824
1550623800000, 3874.5, 3882.5, 3873.6, 3881.5, 9.56755631
1550624100000, 3881.5, 3884.5, 3878.7, 3883.1, 59.47080419
1550624400000, 3883.1, 3884.2, 3881.3, 3882.3, 8.3311666
1550624700000, 3882.3, 3882.3, 3880.6, 3880.6, 6.24924365
1550625000000, 3878.5, 3878.5, 3872.0, 3872.0, 12.76643794
1550625300000, 3872.0, 3879.4, 3871.3, 3879.4, 6.45597963
1550625600000, 3879.4, 3887.5, 3879.4, 3887.2, 5.35997042
1550625900000, 3887.4, 3890.6, 3887.4, 3889.3, 5.60505487
1550626200000, 3889.3, 3889.3, 3885.3, 3888.1, 4.913091
1550626500000, 3885.3, 3901.6, 3885.1, 3890.0, 73.50892282
1550626800000, 3890.0, 3891.7, 3890.0, 3891.7, 1.22710797
1550627100000, 3891.9, 3892.1, 3888.6, 3890.9, 1.82691309
1550627400000, 3890.9, 3898.8, 3890.9, 3896.0, 12.22747357
1550627700000, 3896.0, 3896.2, 3893.9, 3896.1, 9.42710445
1550628000000, 3896.1, 3900.3, 3891.0, 3891.0, 68.65721739
1550628300000, 3891.9, 3891.9, 3890.0, 3890.2, 2.1701966
1550628600000, 3890.2, 3890.2, 3889.1, 3889.9, 0.76252674
1550628900000, 3889.9, 3889.9, 3889.9, 3889.9, 0.0
1550629200000, 3889.9, 3890.0, 3883.2, 3888.1, 30.43672328
1550629500000, 3887.4, 3887.4, 3880.9, 3886.8, 27.61954262
1550629800000, 3883.9, 3891.2, 3883.9, 3891.2, 4.41513762
1550630100000, 3891.2, 3891.9, 3891.2, 3891.8, 1.2114133
1550630400000, 3891.0, 3894.8, 3891.0, 3894.1, 31.38931548
1550630700000, 3892.5, 3893.8, 3891.1, 3893.8, 5.55
1550631000000, 3893.8, 3897.3, 3893.8, 3897.1, 3.52429748
1550631300000, 3897.0, 3900.4, 3897.0, 3900.4, 31.68182432
1550631600000, 3900.4, 3908.1, 3900.4, 3902.3, 16.03433221
1550631900000, 3902.3, 3902.3, 3897.6, 3897.7, 8.591978
1550632200000, 3898.0, 3900.0, 3898.0, 3900.0, 2.456227
1550632500000, 3900.0, 3903.2, 3899.9, 3903.2, 2.79396823
1550632800000, 3903.6, 3907.4, 3903.6, 3906.7, 1.63828128
1550633100000, 3906.8, 3907.4, 3905.0, 3905.0, 2.487505
1550633400000, 3905.5, 3905.8, 3905.5, 3905.7, 6.017063
1550633700000, 3903.6, 3903.6, 3900.9, 3903.0, 3.58333176
1550634000000, 3903.0, 3904.0, 3898.3, 3902.4, 44.89949796
1550634300000, 3902.4, 3903.9, 3895.1, 3900.3, 61.09657304
1550634600000, 3900.3, 3900.3, 3894.2, 3894.9, 12.05667694
1550634900000, 3894.8, 3894.8, 3893.3, 3894.1, 3.289895
1550635200000, 3891.9, 3895.0, 3890.0, 3895.0, 23.628315
1550635500000, 3895.0, 3896.6, 3894.6, 3896.6, 2.209223
1550635800000, 3896.6, 3897.8, 3896.6, 3896.9, 4.08325129
1550636100000, 3896.9, 3899.0, 3896.9, 3899.0, 0.197
1550636400000, 3899.0, 3899.6, 3893.0, 3893.0, 4.3747695
1550636700000, 3893.0, 3894.4, 3893.0, 3894.4, 4.396182
1550637000000, 3892.7, 3893.1, 3890.0, 3890.0, 4.51685257
1550637300000, 3890.6, 3894.5, 3890.0, 3894.5, 1.25021134
1550637600000, 3893.3, 3895.5, 3893.3, 3895.5, 0.16548079
1550637900000, 3891.7, 3891.7, 3888.7, 3888.7, 3.06615122
1550638200000, 3888.7, 3891.2, 3888.2, 3890.3, 2.16241996
1550638500000, 3888.0, 3888.1, 3885.5, 3887.0, 1.06972861
1550638800000, 3887.0, 3887.0, 3873.6, 3879.5, 74.7840137
1550639100000, 3879.7, 3889.5, 3879.7, 3889.5, 10.40544381
1550639400000, 3889.5, 3889.5, 3880.5, 3882.7, 9.295
1550639700000, 3881.1, 3881.1, 3873.7, 3878.0, 12.25992786
1550640000000, 3878.0, 3878.7, 3871.2, 3878.7, 20.97985685
1550640300000, 3878.7, 3878.7, 3871.1, 3872.2, 1.53223222
1550640600000, 3877.9, 3881.4, 3877.9, 3879.2, 1.85
1550640900000, 3876.7, 3880.5, 3876.7, 3880.5, 7.92585
1550641200000, 3882.2, 3883.9, 3882.2, 3882.5, 2.88174872
1550641500000, 3881.6, 3883.0, 3880.6, 3881.5, 5.38984778
1550641800000, 3881.5, 3884.0, 3880.1, 3884.0, 1.32035634
1550642100000, 3880.8, 3883.0, 3880.8, 3883.0, 0.23216908
1550642400000, 3883.7, 3887.9, 3883.7, 3887.7, 13.92366069
1550642700000, 3887.8, 3887.8, 3882.3, 3882.3, 17.9905169
1550643000000, 3882.0, 3885.2, 3881.4, 3882.7, 16.39488673
1550643300000, 3882.4, 3882.4, 3878.8, 3878.8, 16.07876095
1550643600000, 3878.3, 3880.8, 3874.9, 3880.8, 16.62248511
1550643900000, 3880.8, 3880.8, 3878.0, 3878.5, 19.42990072
1550644200000, 3879.2, 3879.2, 3877.1, 3877.1, 2.53812297
1550644500000, 3877.1, 3879.1, 3877.1, 3879.1, 0.08668774
1550644800000, 3877.6, 3879.4, 3876.5, 3879.4, 2.28542925
1550645100000, 3879.4, 3882.8, 3879.4, 3882.8, 0.1355343
1550645400000, 3882.8, 3884.1, 3881.9, 3883.9, 1.90486626
1550645700000, 3883.9, 3885.7, 3883.9, 3884.0, 5.42561489
1550646000000, 3885.5, 3888.0, 3885.5, 3888.0, 16.1718271
1550646300000, 3888.0, 3891.1, 3886.9, 3890.9, 19.38534022
1550646600000, 3890.2, 3893.2, 3890.2, 3891.5, 26.58849591
1550646900000, 3890.4, 3897.6, 3890.4, 3892.2, 73.41579629
1550647200000, 3892.2, 3894.0, 3891.8, 3892.2, 51.12924248
1550647500000, 3892.2, 3895.7, 3892.2, 3895.0, 36.57411389
1550647800000, 3895.0, 3897.7, 3894.4, 3897.7, 2.48035653
1550648100000, 3897.7, 3897.7, 3895.5, 3895.5, 0.367904
1550648400000, 3895.5, 3895.5, 3895.4, 3895.5, 1.854
1550648700000, 3895.5, 3905.9, 3891.2, 3891.2, 48.28836042
1550649000000, 3891.2, 3892.7, 3889.4, 3892.7, 0.52842074
1550649300000, 3892.7, 3895.5, 3892.7, 3894.9, 4.60795
1550649600000, 3894.9, 3894.9, 3888.6, 3889.1, 1.35841062
1550649900000, 3890.5, 3891.1, 3887.3, 3891.0, 8.25604765
1550650200000, 3890.6, 3891.1, 3890.6, 3891.1, 1.50898803
1550650500000, 3891.1, 3891.1, 3891.0, 3891.0, 4.26813218
1550650800000, 3891.0, 3901.2, 3891.0, 3901.2, 24.00522032
1550651100000, 3901.2, 3901.2, 3897.9, 3899.9, 11.54830776
1550651400000, 3899.8, 3901.0, 3899.6, 3901.0, 2.53995419
1550651700000, 3901.0, 3901.0, 3900.1, 3901.0, 0.788896
1550652000000, 3900.9, 3914.8, 3900.9, 3907.8, 82.08970234
1550652300000, 3907.8, 3912.9, 3907.1, 3907.1, 3.739793
1550652600000, 3907.2, 3914.9, 3906.8, 3914.9, 21.10189076
1550652900000, 3916.9, 3920.0, 3915.6, 3919.0, 29.24090401
1550653200000, 3919.0, 3919.0, 3912.2, 3912.2, 5.74177485
1550653500000, 3912.2, 3912.2, 3911.3, 3911.3, 0.35
1550653800000, 3911.2, 3911.3, 3910.1, 3911.3, 16.06352834
1550654100000, 3911.3, 3911.3, 3907.1, 3907.1, 11.41179663
1550654400000, 3907.1, 3911.9, 3906.4, 3909.8, 27.514534
1550654700000, 3909.9, 3914.2, 3907.9, 3910.7, 38.90690395
1550655000000, 3909.6, 3917.2, 3909.6, 3916.9, 10.34105143
1550655300000, 3916.6, 3916.7, 3914.5, 3914.7, 4.79581857
1550655600000, 3913.4, 3913.8, 3909.8, 3913.8, 13.76656805
1550655900000, 3913.8, 3913.8, 3904.7, 3904.7, 22.45194652
1550656200000, 3904.8, 3907.2, 3904.8, 3907.2, 0.8583117
1550656500000, 3910.0, 3914.7, 3910.0, 3914.7, 2.0019485
1550656800000, 3914.7, 3914.7, 3905.3, 3908.4, 14.17207717
1550657100000, 3908.4, 3917.2, 3908.4, 3917.2, 6.14541305
1550657400000, 3918.0, 3931.1, 3917.9, 3928.6, 116.46489313
1550657700000, 3928.6, 3928.6, 3920.8, 3923.0, 8.7528587
1550658000000, 3923.0, 3936.8, 3923.0, 3932.2, 29.37653083
1550658300000, 3932.5, 3942.0, 3932.0, 3941.1, 49.79170322
1550658600000, 3941.1, 3948.5, 3941.0, 3946.6, 23.0742958
1550658900000, 3946.6, 3946.6, 3931.3, 3941.7, 37.05622741
1550659200000, 3938.3, 3938.3, 3934.3, 3935.5, 0.67102262
1550659500000, 3933.6, 3939.1, 3933.6, 3938.9, 9.52431057
1550659800000, 3939.9, 3944.8, 3938.7, 3938.7, 26.66772207
1550660100000, 3936.8, 3936.8, 3931.0, 3935.2, 14.19453688
1550660400000, 3936.9, 3939.3, 3935.0, 3935.0, 11.44224284
1550660700000, 3935.0, 3935.5, 3926.0, 3929.3, 46.04264099
1550661000000, 3928.9, 3930.7, 3923.9, 3923.9, 27.96071767
1550661300000, 3924.2, 3927.7, 3922.2, 3926.1, 27.10228715
1550661600000, 3925.5, 3930.9, 3925.5, 3927.1, 1.97061409
1550661900000, 3927.1, 3927.1, 3922.5, 3922.7, 5.34633767
1550662200000, 3924.7, 3935.5, 3924.7, 3929.7, 59.6414765
1550662500000, 3928.5, 3929.2, 3926.4, 3928.0, 18.49138405
1550662800000, 3927.2, 3931.5, 3927.2, 3930.4, 6.42823739
1550663100000, 3930.0, 3930.0, 3924.0, 3928.4, 35.31989671
1550663400000, 3926.0, 3926.0, 3925.2, 3925.2, 3.13032861
1550663700000, 3925.2, 3926.0, 3924.6, 3926.0, 2.58884352
1550664000000, 3926.0, 3929.3, 3926.0, 3928.5, 23.42371652
1550664300000, 3928.5, 3929.8, 3928.5, 3929.6, 26.6571
1550664600000, 3929.6, 3929.6, 3922.5, 3927.2, 58.06573953
1550664900000, 3927.2, 3927.2, 3920.4, 3927.0, 28.20854234
1550665200000, 3927.0, 3927.1, 3923.9, 3924.0, 26.14217234
1550665500000, 3924.0, 3929.3, 3924.0, 3927.2, 17.66935197
1550665800000, 3927.2, 3933.3, 3927.0, 3933.3, 1.88083635
1550666100000, 3933.5, 3940.9, 3933.5, 3940.7, 35.83780325
1550666400000, 3940.7, 3941.0, 3935.9, 3937.0, 16.67915184
1550666700000, 3937.0, 3945.1, 3937.0, 3942.4, 13.28944029
1550667000000, 3938.8, 3940.0, 3935.4, 3940.0, 43.57503065
1550667300000, 3940.0, 3947.5, 3939.2, 3943.9, 37.96779237
1550667600000, 3943.9, 3962.5, 3943.9, 3954.5, 96.62899832
1550667900000, 3951.9, 3954.0, 3940.3, 3949.0, 39.24582817
1550668200000, 3949.0, 3954.8, 3944.0, 3947.6, 57.55691033
1550668500000, 3947.6, 3947.6, 3935.1, 3936.4, 70.15200887
1550668800000, 3938.3, 3941.1, 3930.7, 3930.7, 130.1670011
1550669100000, 3930.0, 3932.6, 3926.3, 3931.1, 40.70584904
1550669400000, 3928.9, 3938.0, 3926.9, 3938.0, 93.69593576
1550669700000, 3938.0, 3938.0, 3920.0, 3926.8, 59.50917139
1550670000000, 3925.4, 3925.4, 3914.9, 3916.8, 48.87065594
1550670300000, 3917.8, 3921.1, 3917.7, 3920.7, 14.36404669
1550670600000, 3920.7, 3920.7, 3912.0, 3912.0, 48.24203883
1550670900000, 3912.1, 3917.3, 3911.9, 3917.0, 23.41136749
1550671200000, 3917.0, 3924.3, 3917.0, 3919.6, 48.98291776
1550671500000, 3918.8, 3918.8, 3916.0, 3916.0, 19.45037016
1550671800000, 3918.0, 3918.0, 3907.5, 3909.9, 29.39711873
1550672100000, 3911.3, 3917.2, 3908.0, 3908.0, 48.13714003
1550672400000, 3908.1, 3916.4, 3908.0, 3916.0, 24.60913114
1550672700000, 3916.0, 3916.3, 3913.0, 3915.2, 22.8087785
1550673000000, 3915.0, 3923.7, 3914.9, 3921.6, 5.0930246
1550673300000, 3922.1, 3922.5, 3917.4, 3918.5, 4.67738218
1550673600000, 3915.5, 3919.0, 3913.0, 3918.2, 18.23230764
1550673900000, 3918.2, 3921.2, 3917.0, 3918.7, 9.25887859
1550674200000, 3918.7, 3922.6, 3918.7, 3921.4, 5.12759122
1550674500000, 3920.2, 3923.8, 3920.2, 3923.8, 4.16188844
1550674800000, 3923.8, 3927.8, 3923.8, 3925.1, 3.49022902
1550675100000, 3924.1, 3925.1, 3918.4, 3918.4, 8.96166873
1550675400000, 3918.4, 3918.5, 3918.4, 3918.4, 9.66984392
1550675700000, 3917.5, 3917.5, 3916.2, 3916.3, 5.40007234
1550676000000, 3916.8, 3918.4, 3916.8, 3918.4, 4.93810008
1550676300000, 3918.4, 3918.4, 3918.1, 3918.1, 4.39397456
1550676600000, 3918.1, 3920.0, 3918.0, 3918.8, 7.44579
1550676900000, 3918.8, 3920.1, 3912.9, 3912.9, 63.35868971
1550677200000, 3910.2, 3910.2, 3907.4, 3907.4, 20.21523511
1550677500000, 3907.4, 3910.5, 3903.7, 3910.4, 10.85155962
1550677800000, 3909.8, 3911.0, 3908.8, 3910.9, 6.9131628
1550678100000, 3910.9, 3912.4, 3910.5, 3910.5, 16.99664402
1550678400000, 3910.5, 3915.1, 3909.7, 3914.9, 30.63347523
1550678700000, 3915.1, 3915.4, 3914.4, 3914.9, 5.95763043
1550679000000, 3916.8, 3919.8, 3915.3, 3919.8, 16.10514039
1550679300000, 3916.8, 3919.3, 3916.8, 3918.8, 38.03740945
1550679600000, 3918.8, 3918.8, 3915.5, 3915.5, 3.69545972
1550679900000, 3915.4, 3920.0, 3915.4, 3920.0, 24.97761859
1550680200000, 3920.0, 3924.9, 3919.1, 3921.2, 60.40041657
1550680500000, 3921.2, 3922.0, 3920.0, 3921.7, 57.60814309
1550680800000, 3921.7, 3922.0, 3920.0, 3921.9, 15.94383478
1550681100000, 3921.9, 3921.9, 3920.0, 3920.0, 7.71689312
1550681400000, 3920.0, 3920.0, 3918.0, 3918.1, 1.02219006
1550681700000, 3918.0, 3922.5, 3918.0, 3922.5, 9.76106136
1550682000000, 3922.2, 3924.7, 3922.2, 3923.5, 9.52146701
1550682300000, 3923.5, 3927.0, 3923.5, 3925.0, 8.64580481
1550682600000, 3922.8, 3926.1, 3918.7, 3926.1, 19.67676663
1550682900000, 3925.8, 3925.9, 3922.5, 3922.6, 2.65024853
1550683200000, 3922.9, 3925.2, 3922.9, 3925.2, 5.86363796
1550683500000, 3925.3, 3929.6, 3925.3, 3929.6, 12.06248266
1550683800000, 3929.6, 3930.0, 3923.1, 3925.0, 32.77069968
1550684100000, 3925.0, 3925.9, 3919.4, 3924.7, 35.94846651
1550684400000, 3921.0, 3922.8, 3919.4, 3920.0, 4.87301076
1550684700000, 3919.1, 3920.0, 3916.8, 3916.9, 40.13038471
1550685000000, 3916.9, 3918.0, 3915.0, 3917.6, 10.20326033
1550685300000, 3917.3, 3918.7, 3915.0, 3916.2, 8.8267034
1550685600000, 3916.3, 3916.4, 3915.0, 3915.0, 10.87636423
1550685900000, 3915.0, 3919.8, 3911.2, 3919.8, 15.3804331
1550686200000, 3920.1, 3920.1, 3917.0, 3917.8, 0.61880252
1550686500000, 3917.8, 3921.3, 3917.8, 3919.7, 2.08732175
1550686800000, 3919.8, 3919.8, 3919.4, 3919.4, 5.19070256
1550687100000, 3918.2, 3918.2, 3912.0, 3912.0, 13.71908476
1550687400000, 3912.2, 3912.9, 3909.2, 3912.9, 6.36194744
1550687700000, 3912.9, 3920.1, 3909.0, 3920.1, 34.42632223
1550688000000, 3920.1, 3922.5, 3919.7, 3920.9, 0.597103
1550688300000, 3920.9, 3923.9, 3919.4, 3923.8, 100.80557779
1550688600000, 3923.9, 3928.0, 3922.0, 3927.9, 19.49527051
1550688900000, 3927.9, 3928.0, 3924.1, 3927.4, 8.69194709
1550689200000, 3927.2, 3927.2, 3924.9, 3926.0, 15.06063457
1550689500000, 3924.1, 3924.3, 3918.5, 3919.2, 38.43638854
1550689800000, 3918.8, 3919.9, 3918.6, 3918.7, 1.96242172
1550690100000, 3918.0, 3918.1, 3915.1, 3915.1, 6.32950433
1550690400000, 3915.1, 3919.9, 3915.1, 3919.9, 5.957468
1550690700000, 3919.8, 3919.9, 3919.5, 3919.9, 29.16319579
1550691000000, 3919.9, 3922.3, 3919.9, 3922.0, 20.65681748
1550691300000, 3922.0, 3922.0, 3921.0, 3921.9, 1.8404493
1550691600000, 3921.9, 3924.0, 3921.2, 3923.9, 6.04762137
1550691900000, 3923.9, 3924.0, 3923.7, 3923.7, 0.9240079
1550692200000, 3921.9, 3922.1, 3921.9, 3922.1, 0.11890634
1550692500000, 3922.1, 3926.0, 3922.1, 3925.2, 2.35658622
1550692800000, 3925.2, 3933.0, 3925.2, 3926.2, 52.61647145
1550693100000, 3926.2, 3938.1, 3926.2, 3931.8, 24.72479478
1550693400000, 3931.0, 3933.2, 3923.8, 3927.9, 30.80360694
1550693700000, 3931.1, 3936.1, 3929.9, 3930.0, 223.38906171
1550694000000, 3930.0, 3936.5, 3929.9, 3932.7, 39.63220611
1550694300000, 3932.7, 3934.5, 3929.6, 3930.0, 32.05822884
1550694600000, 3930.0, 3932.5, 3929.2, 3932.5, 12.43818847
1550694900000, 3932.5, 3934.6, 3931.7, 3931.7, 8.55828457